slen, glibc implementation, custom implementation, linear implementation
10000, 0.001000, 0.000000, 0.004000
20000, 0.000000, 0.000000, 0.009000
40000, 0.001000, 0.002000, 0.017000
80000, 0.002000, 0.003000, 0.041000
160000, 0.003000, 0.004000, 0.068000
320000, 0.005000, 0.009000, 0.088000
640000, 0.030000, 0.013000, 0.174000
1280000, 0.054000, 0.021000, 0.346000
2560000, 0.130000, 0.051000, 0.709000
5120000, 0.282000, 0.169000, 1.469000
10240000, 0.581000, 0.243000, 2.770000
20480000, 3.430000, 2.067000, 5.832000
40960000, 9.285000, 5.238000, 12.762000
81920000, 11.601000, 11.479000, 24.245000
163840000, 19.599000, 17.487000, 45.870000
327680000, 32.856000, 28.574000, 89.150000
655360000, 29.305000, 28.415000, 178.791000
1310720000, 58.704000, 59.565000, 356.694000
2621440000, 132.955000, 119.572000, 711.267000
