slen, glibc implementation, custom implementation, linear implementation
10000, 0.001000, 0.000000, 0.000000
20000, 0.000000, 0.000000, 0.000000
40000, 0.001000, 0.002000, 0.000000
80000, 0.002000, 0.002000, 0.000000
160000, 0.008000, 0.005000, 0.000000
320000, 0.012000, 0.009000, 0.000000
640000, 0.038000, 0.019000, 0.001000
1280000, 0.140000, 0.043000, 0.000000
2560000, 1.182000, 0.333000, 0.001000
5120000, 0.435000, 0.180000, 0.000000
10240000, 2.605000, 1.402000, 0.001000
20480000, 7.334000, 7.459000, 0.000000
40960000, 10.451000, 11.063000, 0.001000
81920000, 21.763000, 19.157000, 0.000000
163840000, 30.661000, 27.723000, 0.001000
327680000, 29.570000, 27.606000, 0.000000
655360000, 57.083000, 55.347000, 0.000000
1310720000, 111.649000, 111.343000, 0.000000
